name: myenv
channels:
  - defaults
dependencies:
  - blas==1.0=mkl
  - bottleneck=1.3.5=py39h080aedc_0
  - bzip2=1.0.8=he774522_0
  - ca-certificates=2023.12.12=haa95532_0
  - click=8.1.7=win_pyh7428d3b_0
  - colorama=0.4.6=pyhd8ed1ab_0
  - cmake=3.26.4=h693b641_0
  - dlib=19.24.2=py39hb355393_2
  - face_recognition=1.3.0=pyhd3deb0d_2
  - face_recognition_models=0.3.0=pyh9f0ad1d_0
  - freetype=2.12.1=hdaf720e_2
  - gunicorn=21.2.0=pypi_0
  - intel-openmp=2023.1.0=h59b6b97_46320
  - mkl-fft
  - mkl-random
  - mkl-service=2.4.0=py39h2bbff1b_1
  - numexpr
  - numpy=1.26.3=py39h055cbcc_0
  - opencv-python=4.9.0.80=pypi_0
  - packaging=23.2=pypi_0
  - pandas=2.1.4=py39h4ed8f06_0
  - pillow
  - pluggy=1.3.0=pypi_0
  - psycopg2=2.9.9=pypi_0
  - psycopg2-binary=2.9.9=pypi_0
  - python=3.9.18=h1aa4202_0
  - python-dateutil
  - pytz=2023.3.post1=py39haa95532_0
  - setuptools=68.2.2=py39haa95532_0
  - six==1.10.0=pypi_0
  - sqlite=3.41.2=h2bbff1b_0
  - sqlparse=0.4.4=py39haa95532_0
  - tbb=2021.8.0=h59b6b97_0
  - tk=8.6.13=h5226925_1
  - tomli=2.0.1=pypi_0
  - typing-extensions=4.9.0=pypi_0
  - tzdata=2023.4=pypi_0
  - ucrt=10.0.22621.0=h57928b3_0
  - vc=14.2=h21ff451_1
  - vc14_runtime=14.38.33130=h82b7239_18
  - vs2015_runtime=14.38.33130=hcb4865c_18
  - webob=1.8.7=pypi_0
  - wheel=0.41.2=py39haa95532_0
  - whitenoise=6.6.0=pypi_0